00000000000000000000000000000000100001000001000001
0000000000000000000000000080000000000000000000000000001
0000000000000000000080000000000000000000000000000000000000003
000000000000000800000000000000000000000000000000000000000000000003
00000000000070000000000000000000000000000000000000000000000000000000001
000000000000000000000000000000000000000000000000000000000000000000000000002
00000007
000000000000000000000000000000000000000000000000000000000000000000000000000002
00007
00000000000000000000000000000000000000000000000000000000000000000000000000000002
0007
0000000000000000000000000000000000000000000000000000000000000000000000000000000003
007
00000000000000000000000000000009
00000000000000000000000000000000000000000000000000000000000000000000000000000000007
7
00000000000000000000000000000000000000000000000000000000000000000000000000000000007
7
0
700000000000000000000000000000000000000000000000000000000000000000000000000000000003
0
0700000000000000000000000000000000000000000000000000000000000000000000000000000000000002
000000000000000000000000000000000000000000000000000000000000000000000000000000000000000000003
00000000000000000000000000000000000000000000000000000000000000000000000000000000000000000000003
0007
0000000000000000000000000000000000000000000000000000000000000000000000000000000000000000000003
0000060000000000000000000000000000000000000000000000000000000000000000000000000000000000003
000000000000000000000000000000000000000000000000000000000000000000000000000000000000003
000000000600000000000000000000000000000000000000000000000000000000000000000000000004
0
000000000007000000000000000000000000000000000000000000000000000000000000000000003
0
00000000000000700000000000000000000000000000000000000000000000000000000000000000003
0
0000000000000000700000000000000000000000000000000000000000000000000000000000000007
0
00000000000000007000000000000000000000000000000000000000000000000000000000000000003
0000000000000000000000000000000000000000000000000000000003
00000000000000700000000000000000000000000000000000000000000000300005000005000003
0
0
000000000000700000000000000000000000000000000000000003
0
00000000070000000000000000000000000000000000000000000003
0
000000007000000000000000000000000000000000000000000000004
0
00000600000060000050000005000005000000000000000000000000004
0000000000000000000000000000000000005
0000000000000000000000000000000000000000005
0000000000000000000000000000000000000000000000500000000003
0
0000000000000000000000000000000000000000000000000040000004